When p = 3, Sequence repeats every 1 terms
3 : ['One', 'One']

When p = 9, Sequence repeats every 1 terms
9 : ['One', 'One']

When p = 27, Sequence repeats every 3 terms
27 : ['One', 10, 19, 'One']

When p = 81, Sequence repeats every 9 terms
81 : ['One', 10, 19, 28, 37, 46, 55, 64, 73, 'One']

When p = 243, Sequence repeats every 27 terms
243 : ['One', 10, 100, 28, 37, 127, 55, 64, 154, 82, 91, 181, 109, 118, 208, 136, 145, 235, 163, 172, 19, 190, 199, 46, 217, 226, 73, 'One']

When p = 729, Sequence repeats every 81 terms
729 : ['One', 10, 100, 271, 523, 127, 541, 307, 154, 82, 91, 181, 352, 604, 208, 622, 388, 235, 163, 172, 262, 433, 685, 289, 703, 469, 316, 244, 253, 343, 514, 37, 370, 55, 550, 397, 325, 334, 424, 595, 118, 451, 136, 631, 478, 406, 415, 505, 676, 199, 532, 217, 712, 559, 487, 496, 586, 28, 280, 613, 298, 64, 640, 568, 577, 667, 109, 361, 694, 379, 145, 721, 649, 658, 19, 190, 442, 46, 460, 226, 73, 'One']

When p = 2187, Sequence repeats every 243 terms
2187 : ['One', 10, 100, 1000, 1252, 1585, 541, 1036, 1612, 811, 1549, 181, 1810, 604, 1666, 1351, 388, 1693, 1621, 901, 262, 433, 2143, 1747, 2161, 1927, 1774, 244, 253, 343, 1243, 1495, 1828, 784, 1279, 1855, 1054, 1792, 424, 2053, 847, 1909, 1594, 631, 1936, 1864, 1144, 505, 676, 199, 1990, 217, 2170, 2017, 487, 496, 586, 1486, 1738, 2071, 1027, 1522, 2098, 1297, 2035, 667, 109, 1090, 2152, 1837, 874, 2179, 2107, 1387, 748, 919, 442, 46, 460, 226, 73, 730, 739, 829, 1729, 1981, 127, 1270, 1765, 154, 1540, 91, 910, 352, 1333, 208, 2080, 1117, 235, 163, 1630, 991, 1162, 685, 289, 703, 469, 316, 973, 982, 1072, 1972, 37, 370, 1513, 2008, 397, 1783, 334, 1153, 595, 1576, 451, 136, 1360, 478, 406, 1873, 1234, 1405, 928, 532, 946, 712, 559, 1216, 1225, 1315, 28, 280, 613, 1756, 64, 640, 2026, 577, 1396, 838, 1819, 694, 379, 1603, 721, 649, 2116, 1477, 1648, 1171, 775, 1189, 955, 802, 1459, 1468, 1558, 271, 523, 856, 1999, 307, 883, 82, 820, 1639, 1081, 2062, 937, 622, 1846, 964, 892, 172, 1720, 1891, 1414, 1018, 1432, 1198, 1045, 1702, 1711, 1801, 514, 766, 1099, 55, 550, 1126, 325, 1063, 1882, 1324, 118, 1180, 865, 2089, 1207, 1135, 415, 1963, 2134, 1657, 1261, 1675, 1441, 1288, 1945, 1954, 2044, 757, 1009, 1342, 298, 793, 1369, 568, 1306, 2125, 1567, 361, 1423, 1108, 145, 1450, 1378, 658, 19, 190, 1900, 1504, 1918, 1684, 1531, 'One']

When p = 6561, Sequence repeats every 729 terms
6561 : ['One', 10, 100, 1000, 3439, 1585, 2728, 1036, 3799, 5185, 5923, 181, 1810, 4978, 3853, 5725, 4762, 1693, 3808, 5275, 262, 2620, 6517, 6121, 2161, 1927, 6148, 2431, 4627, 343, 3430, 1495, 1828, 5158, 5653, 4042, 1054, 3979, 424, 4240, 3034, 4096, 1594, 2818, 1936, 6238, 3331, 505, 5050, 4573, 6364, 4591, 6544, 6391, 4861, 2683, 586, 5860, 6112, 2071, 1027, 3709, 4285, 3484, 2035, 667, 109, 1090, 4339, 4024, 874, 2179, 2107, 1387, 748, 919, 2629, 46, 460, 4600, 73, 730, 739, 829, 1729, 4168, 2314, 3457, 1765, 4528, 5914, 91, 910, 2539, 5707, 4582, 6454, 5491, 2422, 4537, 6004, 991, 3349, 685, 289, 2890, 2656, 316, 3160, 5356, 1072, 4159, 2224, 2557, 5887, 6382, 4771, 1783, 4708, 1153, 4969, 3763, 4825, 2323, 3547, 2665, 406, 4060, 1234, 5779, 5302, 532, 5320, 712, 559, 5590, 3412, 1315, 28, 280, 2800, 1756, 4438, 5014, 4213, 2764, 1396, 838, 1819, 5068, 4753, 1603, 2908, 2836, 2116, 1477, 1648, 3358, 775, 1189, 5329, 802, 1459, 1468, 1558, 2458, 4897, 3043, 4186, 2494, 5257, 82, 820, 1639, 3268, 6436, 5311, 622, 6220, 3151, 5266, 172, 1720, 4078, 1414, 1018, 3619, 3385, 1045, 3889, 6085, 1801, 4888, 2953, 3286, 55, 550, 5500, 2512, 5437, 1882, 5698, 4492, 5554, 3052, 4276, 3394, 1135, 4789, 1963, 6508, 6031, 1261, 6049, 1441, 1288, 6319, 4141, 2044, 757, 1009, 3529, 2485, 5167, 5743, 4942, 3493, 2125, 1567, 2548, 5797, 5482, 2332, 3637, 3565, 2845, 2206, 2377, 4087, 1504, 1918, 6058, 1531, 2188, 2197, 2287, 3187, 5626, 3772, 4915, 3223, 5986, 811, 1549, 2368, 3997, 604, 6040, 1351, 388, 3880, 5995, 901, 2449, 4807, 2143, 1747, 4348, 4114, 1774, 4618, 253, 2530, 5617, 3682, 4015, 784, 1279, 6229, 3241, 6166, 2611, 6427, 5221, 6283, 3781, 5005, 4123, 1864, 5518, 2692, 676, 199, 1990, 217, 2170, 2017, 487, 4870, 2773, 1486, 1738, 4258, 3214, 5896, 6472, 5671, 4222, 2854, 2296, 3277, 6526, 6211, 3061, 4366, 4294, 3574, 2935, 3106, 4816, 2233, 2647, 226, 2260, 2917, 2926, 3016, 3916, 6355, 4501, 5644, 3952, 154, 1540, 2278, 3097, 4726, 1333, 208, 2080, 1117, 4609, 163, 1630, 3178, 5536, 2872, 2476, 5077, 4843, 2503, 5347, 982, 3259, 6346, 4411, 4744, 1513, 2008, 397, 3970, 334, 3340, 595, 5950, 451, 4510, 5734, 4852, 2593, 6247, 3421, 1405, 928, 2719, 946, 2899, 2746, 1216, 5599, 3502, 2215, 2467, 4987, 3943, 64, 640, 6400, 4951, 3583, 3025, 4006, 694, 379, 3790, 5095, 5023, 4303, 3664, 3835, 5545, 2962, 3376, 955, 2989, 3646, 3655, 3745, 4645, 523, 5230, 6373, 4681, 883, 2269, 3007, 3826, 5455, 2062, 937, 2809, 1846, 5338, 892, 2359, 3907, 6265, 3601, 3205, 5806, 5572, 3232, 6076, 1711, 3988, 514, 5140, 5473, 2242, 2737, 1126, 4699, 1063, 4069, 1324, 118, 1180, 5239, 6463, 5581, 3322, 415, 4150, 2134, 1657, 3448, 1675, 3628, 3475, 1945, 6328, 4231, 2944, 3196, 5716, 4672, 793, 1369, 568, 5680, 4312, 3754, 4735, 1423, 1108, 4519, 5824, 5752, 5032, 4393, 4564, 6274, 3691, 4105, 1684, 3718, 4375, 4384, 4474, 5374, 1252, 5959, 541, 5410, 1612, 2998, 3736, 4555, 6184, 2791, 1666, 3538, 2575, 6067, 1621, 3088, 4636, 433, 4330, 3934, 6535, 6301, 3961, 244, 2440, 4717, 1243, 5869, 6202, 2971, 3466, 1855, 5428, 1792, 4798, 2053, 847, 1909, 5968, 631, 6310, 4051, 1144, 4879, 2863, 2386, 4177, 2404, 4357, 4204, 2674, 496, 4960, 3673, 3925, 6445, 5401, 1522, 2098, 1297, 6409, 5041, 4483, 5464, 2152, 1837, 5248, 6553, 6481, 5761, 5122, 5293, 442, 4420, 4834, 2413, 4447, 5104, 5113, 5203, 6103, 1981, 127, 1270, 6139, 2341, 3727, 4465, 5284, 352, 3520, 2395, 4267, 3304, 235, 2350, 3817, 5365, 1162, 5059, 4663, 703, 469, 4690, 973, 3169, 5446, 1972, 37, 370, 3700, 4195, 2584, 6157, 2521, 5527, 2782, 1576, 2638, 136, 1360, 478, 4780, 1873, 5608, 3592, 3115, 4906, 3133, 5086, 4933, 3403, 1225, 5689, 4402, 4654, 613, 6130, 2251, 2827, 2026, 577, 5770, 5212, 6193, 2881, 2566, 5977, 721, 649, 6490, 5851, 6022, 1171, 5149, 5563, 3142, 5176, 5833, 5842, 5932, 271, 2710, 856, 1999, 307, 3070, 4456, 5194, 6013, 1081, 4249, 3124, 4996, 4033, 964, 3079, 4546, 6094, 1891, 5788, 5392, 1432, 1198, 5419, 1702, 3898, 6175, 2701, 766, 1099, 4429, 4924, 3313, 325, 3250, 6256, 3511, 2305, 3367, 865, 2089, 1207, 5509, 2602, 6337, 4321, 3844, 5635, 3862, 5815, 5662, 4132, 1954, 6418, 5131, 5383, 1342, 298, 2980, 3556, 2755, 1306, 6499, 5941, 361, 3610, 3295, 145, 1450, 1378, 658, 19, 190, 1900, 5878, 6292, 3871, 5905, 'One']
